1-й проезд Заовражный: 1, 2, 3, 4, 5, 6, 7, 8, 9, 10, 11, 12, 13, 14; 
улица Восточная: 3, 9, 10, 12, 13, 14, 15, 16, 17, 18, 19, 21, 22, 23, 24, 25, 26, 27, 28, 29, 31, 32, 33, 34, 35, 36, 37, 38, 39, 40,41, 43, 44, 45, 47, 50, 51, 53, 54, 55, 56, 57, 58, 60, 61, 63, 66, 67, 68, 70, 71, 72, 74, 75, 76, 77, 78,80, 81, 82, 84, 87, 89, 90, 91, 93, 94, 95, 97, 99, 101, 107,109; 
улица З. Космодемьянской: 19, 37, 39, 41, 43, 44, 45, 47, 48, 49, 50, 51, 52, 54, 56, 58,60, 62; 
улица Заовражная: 2, 3, 4, 4А, 5, 6, 7, 8, 9, 11, 13, 15, 16, 17, 18, 19, 20, 21, 22, 23, 24, 25, 26, 28, 31, 32, 33, 39, 41, 43, 45, 47, 49, 51, 53, 53А, 55, 57, 61, 63, 63А, 63Б, 65, 67, 71, 75, 77, 79; 
улица Клары Цеткин: 129, 135, 137, 141, 143, 145, 147, 147Б, 149, 150, 151, 152, 153, 155, 157, 158, 159, 160, 162, 163, 164, 165, 166, 167, 168, 169, 170, 171, 173, 174, 175, 176, 177, 178, 179, 180, 181, 182, 183, 184, 190, 192, 194, 196, 198, 200, 204, 206, 208, 210, 212, 214, 216, 218, 220, 222, 224; 
улица Кутузова: 2, 4, 6, 10, 11, 12, 13, 14, 15, 16, 17, 18, 19, 20, 23, 25, 26, 27, 28, 30, 31, 32, 33, 34, 37, 38, 39, 40, 41, 42, 43, 44, 45, 46, 47, 48, 49, 50, 51, 52, 53, 56, 57, 58, 59, 60, 61, 62, 64, 65, 66, 68, 69, 70, 71, 73, 74, 75, 77, 79, 81, 82, 85, 89; 
улица П. Лазутина: 143, 145, 147, 149, 155, 157, 163, 165, 167, 169, 184, 186, 188, 192, 198, 200, 204, 206, 210, 214А;
улица Михеева Г.Я.: 21А, 21Б, 23, 25, 27, 29, 31, 32, 34, 35, 36, 37, 41, 42, 45, 47, 48, 49, 51, 53, 53А, 53Б, 57, 58, 59, 60, 61, 62, 64, 67, 69, 71, 73, 75, 77, 81, 83; 
улица Мичурина: 12, 14, 16А, 20, 22, 24, 28, 30; 
улица Мопровская: 165, 167, 167А, 171, 173, 175, 177, 179, 185, 187, 222, 224, 226, 228, 230, 232, 234, 236;
улица имени Панфилова: 165, 167, 171, 181, 183, 184, 185, 187, 188, 189, 190, 192, 193, 195, 197, 198, 199, 200, 201, 203, 205, 206, 207, 209, 210, 211, 212, 213, 215, 216, 217, 218А, 218Б, 219, 220, 221,222, 223, 224, 225, 226, 227, 228, 229, 231, 232, 233, 234, 235, 236, 237, 238, 240, 242, 244, 248, 250, 252, 254; 
улица Парижской Коммуны: 124, 126,128, 130, 132, 134, 136, 147, 149,151, 153, 155, 159;
переулок Садовый: 9, 10, 12, 13, 14, 15, 16, 17, 19, 21; 
поселок Южный: 5; 
2 переулок Заовражный: 1, 2, 4, 6, 7, 8, 10, 11, 13, 14; 
проезд Клары Цеткин: 1, 2, 3, 4, 5, 6, 7, 8, 9, 10, 11, 13, 14,15,18, 19, 20, 21, 22, 24, 25, 26, 27, 28, 29, 30, 31, 32, 33, 34, 35, 36; 
1-й проезд Михеева Г.Я.: 1, 2, 2А, 2Б, 3, 4, 4А, 4Б, 5, 5А, 6, 6А, 6Б,7, 8, 8/1, 8А, 9, 10, 10А,11, 11А, 12, 13, 14, 14/1, 14А, 15, 16,17, 18, 20, 21, 22, 23, 24, 24А, 25, 26, 27, 27А, 29, 30, 31, 32, 33, 34, 35, 36, 37; 
проезд имени Панфилова: 2, 3, 4, 5, 6, 8, 9, 10, 13, 15, 16, 18, 19, 20,21, 22, 24, 26, 29, 30, 31, 33, 34, 35, 36, 37, 39, 40, 41, 42, 43, 44, 45, 46; 
проезд Пугачева: 1, 2, 3, 4, 5, 6, 7, 8, 9, 10, 11, 12, 13,14, 15, 16, 17, 18, 19, 20, 21, 22, 23, 24, 25, 26, 27, 28, 29, 30, 31, 32, 33, 34, 35; 
1-й проезд Суворова: 2,4, 6, 8, 10, 12, 16, 18, 20, 22, 26, 28, 36, 38, 40, 42, 44, 46; 
улица Н. Островского: 84А, 125, 127, 129, 131, 133;
улица Пугачева: 141, 143, 149, 151, 157, 161, 167, 169, 171, 175, 177, 179, 181, 183, 185, 187, 189, 191, 193, 195, 197, 199, 200, 201,202, 203, 204, 205, 206, 207, 208, 209, 211, 212, 213, 214, 215, 217, 219, 221, 223, 225, 227, 229, 231, 233, 235, 237, 239, 243; 
улица Садовая: 3, 5, 7, 9, 10, 11А, 12, 25, 26,27, 31, 33, 34, 35, 36, 37, 38, 40, 41,42, 44, 46,48, 48А; 
улица Совхозная: 47, 49, 51, 53, 55, 57, 59, 60, 61, 62,66, 68, 70; 
улица Союзная: 4, 6, 8, 10, 16, 18, 20, 22, 28, 30, 32, 34, 36, 38, 40, 42, 44, 46, 48, 50, 52, 54, 56, 58, 60, 62, 64, 66, 68, 70, 72, 74, 76, 78, 80, 82, 84, 86, 88, 90, 92, 94, 96, 98; 
улица Суворова: 147, 149, 155, 158, 159, 160, 162, 164, 165, 167, 168, 170, 171, 173, 176, 177, 179, 180, 181, 183, 185, 186, 189, 190,192, 193, 194, 196, 197, 199, 200, 201, 202, 203, 204, 205, 206, 207, 208, 209, 210, 211, 214, 216, 218, 220, 222, 224, 228, 230, 232, 234, 236;
улица Тепловозная: 22, 29, 30, 30А, 30Б, 30В, 31, 32, 33, 34, 36, 37, 37А, 38, 39, 40, 42, 44, 46, 50;
улица Украинская: 161, 163, 165, 167, 169, 171, 181, 198, 200, 202, 204, 206, 208, 210, 212, 214; 
улица Урожайная: 51, 53, 55, 57, 59, 61, 63, 65, 67, 69, 71, 73;
улица Целинная: 1, 3, 4, 5, 6, 7, 8, 9, 10, 11, 12, 13, 14, 16, 18, 20, 21, 22, 23,24, 26,27, 28, 31, 32, 33, 34, 35,36, 38, 39, 40, 41, 43, 44, 45, 46, 47, 48, 49, 50, 52, 53, 55, 56, 57, 58, 59, 61, 62, 63, 64, 65, 67, 68, 70, 72, 73, 74, 75, 76, 79, 80, 82, 83, 84, 85, 87, 88, 89, 90, 91, 93, 95, 96, 99, 103, 105, 109, 111, 113, 115, 117, 119